001111110001101100010011110
001111110001000001100011000
001111100111100111011011000
001111101101100001100001011
001111110111001101100101111
001111101111100011001000101
001111110110101001011011100
001111110010110000010110100
001111100111101110101001100
001111100101010100011011000
001111110000001000111111010
001111110110010101110010011
001111110110111111111110111
001111101011101101001110101
001111011010111001111010111
001111100001000101001010011
001111110100011101011010111
001111101101110000011010000
001111110010000011001001011
001111110100101100110001010
001111110101110000111100111
001111101101100010100000110
001111110011010101100111110
001111110000100000111101010
001111110110000110101011100
001111110011000111011101110
001111110010101011110000001
001111110010011100001000111
001111101110011000111100101
001111110011000111011001000
001111001111101010001001100
001111100011000000000111110
001111110000010001011100100
001111000000011111101100101
001111010100011110011110011
001111110111110010101101010
001111110001001110001001101
001111101001110000000000001
001111110101011111100101111
001111110011000101011101011
001111101010011111101001101
001111101111001011010101010
001111110110111011010111101
001111100111001101011001000
001111110000001100110010010
001111110011110011101111111
001111101010101110000000011
001111110110111001001010100
001111101101000110011101001
001111101000110000111010001
001111110010110011101001101
001111110000001010011110011
001111100011000001111110111
001111110010011100000101110
001111110110000010011000111
001111110110011011111011011
001111100100001011111010100
001111110110011011110101100
001111110100001000010100001
001111110111100011111010101
001111100110000001001110111
001111101101101101111100011
001111101111010001011110010
001111001011011011001010101
001111110000101011010100101
001111101100110111001010001
001111110101010110111100111
001111100001101010101010101
001111100000001010111011000
001111110101000100010010100
001111110100101001011100010
001111110100011011110100001
001111101010110100101001000
001111100011111110001010110
001111101111111110110010101
001111110100011100101011001
001111110100110000110111001
001111110100011100011011111
001111110101011110011000100
001111101101111000011011111
001111110100001010000101001
001111011101001001000101000
001111110011010111010001101
001111110101111100011000101
001111110111100011001000000
001111101001010010111110110
001111100100000011111111101
001111110101011100101001001
001111110010000011100010111
001111110000001111111010100
001111110101000110011011110
001111101011110100001001100
001111101100010000101011100
001111100001000100110111011
001111101010100000101110011
001111010100011110101100100
001111011101000110001111111
001111110001001001111011010
001111101001010100100000101
001111110111000010100001011
