001111101001011010000110010
001111001100001011000111001
001111101010000000000101011
001111110110000100001001001
001111110110011100100010000
001111110011001011010101101
001111101000010011011101100
001111110101010100101110011
001111110001100100000110100
001111110100100110100001010
001111101111001100111100010
001111010111000001111001001
001111110001000111100000001
001111110100010000010101000
001111110001000000110110101
001111100100000101001110101
001111000111111111000011010
001111101101110100110010111
001111101110100011110010101
001111110101110011100000010
001111010110001111111110100
001111110110000010000010010
001110111001111010010101011
001111110110011111010111000
001111101011111011110110110
001111101001110110101100111
001111110110101101101011010
001111110010110111010000011
001111110010100000101111110
001111110011011110011000100
001111100010011101100111001
001111010101111101000101111
001111110010101000010010011
001111101010000110001101011
001111001101010010010110101
001111101100100001000010110
001111110111101100010111000
001111101111011010010111111
001111110101001101110000101
001111110110001000110101111
001111110000001110110101100
001111100011111011111001001
001111100001111110111100000
001111110110111010001011001
001111110001001000001000101
001111101101011001001001011
001111110011010000010011000
001111101101100011001001100
001111110110110110110111111
001111100100100111000010111
001111010010110101011001100
001111110110000000000000101
001111110100010100001101010
001111101011111100100001110
001111100100001010100110000
001111110001100110001100111
001111101000010010100111001
001111110000010100100101101
001111101011101111001110000
001111110101011110111101011
001111101000110110111110000
001111011011000001101100000
001111010110001000001100110
001111110011110100101010001
001111110100011100100011000
001111110111100110001100100
001111110001001100001101000
001111101011111101001100001
001111110010100111010001001
001111110110001111011011010
001111110011101110010111000
001111011010011101011111100
001111011111110111110000100
001111001001100010101100100
001111110101001110100111111
001111001010010100111010001
001111110001101001011101100
001111110111001001011000111
001111110010010101101101000
001111110010001010010110110
001111101001110010011111100
001111100100100110000000100
001111110000010110101011001
001111110011110000110011101
001111001110111010011001110
001111001101110001111010100
001111110101100110100001110
001111110000101101110111110
001111110111101100010001001
001111101000111111000010101
001111110000000111010100000
001111101000110011010110011
001111110010110100111001011
001111101100100011010111110
001111011000010111111000111
001111100000011011000010010
001111110111101101110110100
001111001100101110011010100
001111110011010001010101100
001111110001011011111011111
