0.605771
0.564012
0.244000
0.422619
0.950774
0.485907
0.915460
0.672220
0.245764
0.208111
0.508778
0.896277
0.937484
0.365834
0.085195
0.141886
0.778732
0.429887
0.628074
0.793722
0.860304
0.423102
0.708616
0.532186
0.881524
0.694791
0.667727
0.652481
0.449681
0.694718
0.030583
0.171905
0.517038
0.008296
0.048735
0.987020
0.576320
0.304689
0.843352
0.692832
0.327955
0.474284
0.932979
0.237644
0.512487
0.738037
0.334964
0.930826
0.409403
0.273882
0.675442
0.510230
0.172359
0.652432
0.877333
0.902274
0.190409
0.902184
0.758120
0.972576
0.219051
0.428684
0.477282
0.022313
0.542308
0.401933
0.834915
0.151042
0.127667
0.816689
0.790471
0.777164
0.338204
0.187053
0.499410
0.778003
0.797717
0.777770
0.842172
0.433807
0.759845
0.102671
0.710231
0.871471
0.971803
0.290518
0.188476
0.840472
0.628462
0.515541
0.818783
0.369214
0.383145
0.141813
0.328479
0.048749
0.102325
0.572194
0.291265
0.939963
