0.293993
0.023777
0.312542
0.879046
0.902864
0.698573
0.259502
0.832739
0.597756
0.787618
0.475070
0.058709
0.569827
0.765946
0.563335
0.188777
0.015611
0.432029
0.454976
0.862797
0.055663
0.876989
0.004840
0.905625
0.372977
0.307960
0.919606
0.678961
0.656979
0.717171
0.163479
0.054510
0.664345
0.315532
0.025951
0.391135
0.980821
0.481628
0.825939
0.883636
0.514488
0.186497
0.155991
0.931811
0.570446
0.418529
0.703416
0.423413
0.928587
0.197033
0.042322
0.875011
0.769734
0.373304
0.190086
0.599807
0.259088
0.520106
0.366807
0.842734
0.276840
0.086144
0.055188
0.738925
0.777880
0.974802
0.574419
0.373628
0.663348
0.890066
0.732774
0.081725
0.123994
0.018637
0.826782
0.020169
0.602991
0.946670
0.646196
0.635114
0.305905
0.196779
0.522142
0.735164
0.029126
0.026914
0.850125
0.544797
0.980731
0.280782
0.507143
0.275073
0.676657
0.392271
0.065416
0.131600
0.982277
0.024854
0.704430
0.589782
