000000011100100101010100011
000000101010111100000011101
011101110000000000000000000
000000101001100111001101110
000000011101111001001100010
000000011001011001001100001
000000110010111000011111111
000000100011100010110001111
000000110011011100010110111
000000110100100111001111001
000000101110001100100101001
000000100110101111000001100
000000011010010101000100011
000000110011101111101100000
000000110001110101011000010
000000101101001110100100000
000000101010101011010101110
000000011001011111110110010
000000110000110111010010000
000000010110110100110000010
000000100110001010001110110
000000100111111111001001011
011101110000000000000000000
000000110011010010010110100
000000101001110010101100100
000000110100010010000110001
000000110000011010100111010
000000100001000001010101101
000000101001100101111000110
011101110000000000000000000
000000010100111001110010000
000000010000110111010011000
011101110000000000000000000
000000110000101011011011111
000000100011111111100001100
000000100011111000111011100
000000100101001000000000001
000000101011101011101001110
000000110010100000100011110
000000110000111111011111100
011101110000000000000000000
000000110010011100111011000
000000110010110101011100011
000000100011100100001111010
011101110000000000000000000
000000101110100100110010111
000000110011100000100100110
000000101000101010010011011
000000100001010100100000101
000000110010111100001100000
000000011101100100000100010
000000101110000011100010101
000000110011110110000110111
000000101101000100001101100
000000101101011110001101110
000000101100100001100100001
000000101100101011101101011
000000100100110110111110110
000000101110111001101011101
000000101110000011010111100
000000010010100111010101110
011101110000000000000000000
011101110000000000000000000
000000010011010110010010110
000000101100111100011101011
000000101000001110011100110
000000011110000111001000001
011101110000000000000000000
011101110000000000000000000
011101110000000000000000000
000000100010000110101110000
000000110101100010010100111
000000110101011000000100101
000000101001111111101001001
000000100110100000011010001
000000011101010101001001010
000000110001101011110100000
000000110010000100011101011
000000110010111111010101100
000000101101111110111000001
000000101000001001110101100
000000011111000010001111011
000000010100101011111010101
000000100110000111100101111
000000010001111111001000011
000000110100001010111111101
000000110100001001001010010
000000011001000001100010000
000000101001110011111011010
000000101000000110001110011
000000100011010110011101101
000000101111101101100110100
000000101110011000001101110
000000011111100100011101101
000000100011100101001011101
000000110100000111100111011
000000110100000100000110110
000000100010111011010111001
000000010101101101000111110
000000011011001111010110110
