0.435535
0.269034
0.281425
0.671836
0.924614
0.602026
0.557295
0.759866
0.437958
0.524532
0.490373
0.438950
0.736737
0.584302
0.346268
0.167489
0.362054
0.431057
0.533559
0.831438
0.420955
0.670933
0.324342
0.736090
0.603848
0.483574
0.805258
0.666940
0.562869
0.706978
0.103147
0.107805
0.597470
0.176052
0.036295
0.661656
0.797185
0.401301
0.833844
0.797014
0.429805
0.317147
0.508729
0.616672
0.544134
0.563580
0.536145
0.653769
0.692887
0.231921
0.329747
0.709407
0.498537
0.500023
0.502084
0.737122
0.227909
0.693562
0.544456
0.901680
0.250605
0.241651
0.246811
0.413596
0.670935
0.714730
0.692679
0.272578
0.420159
0.856754
0.758967
0.397442
0.221241
0.095095
0.678161
0.364212
0.691393
0.869992
0.735166
0.543724
0.511986
0.154056
0.607531
0.797045
0.457084
0.146585
0.549748
0.679028
0.820807
0.387358
0.648622
0.317811
0.543408
0.278568
0.184842
0.093987
0.582795
0.273336
0.516861
0.748758
