5.879861
12.115427
0.475532
11.280238
6.250839
4.879991
17.580921
8.452372
18.057289
19.015471
13.971466
9.718131
5.190048
18.309192
16.654782
13.444401
11.955120
4.915282
15.752352
4.162223
9.501395
10.175570
1.174186
17.925541
11.396540
18.749671
15.318923
7.316688
11.266700
1.703906
3.775532
2.837713
0.312211
15.574637
8.640584
8.597732
9.099528
12.561489
17.255943
15.874433
1.113254
17.206083
17.539781
8.462033
0.096792
14.172322
18.112510
10.643726
7.459537
17.630486
6.159200
13.895820
18.392111
13.354534
13.579229
13.049616
13.139578
8.993627
14.343420
13.894353
3.269588
0.611663
1.090200
3.438094
13.286895
10.340752
6.310639
0.165924
0.519015
0.974701
7.822694
19.740390
19.616418
11.526406
9.632561
6.093776
16.518772
16.867048
17.672724
13.856634
10.289769
6.559102
3.729948
9.485673
3.119818
18.659578
18.636218
4.752890
11.408917
10.249732
8.370590
14.760736
14.068321
6.699287
8.468261
18.616520
18.571743
8.188051
3.940656
5.477634
