0100000111110000000000000000
0100001001110100000000000000
0100000001000000000000000000
0100001001100100000000000000
0100001000000000000000000000
0100000111001000000000000000
0100001010110000000000000000
0100001000101100000000000000
0100001010110110000000000000
0100001011000000000000000000
0100001010001100000000000000
0100001001000100000000000000
0100000111010000000000000000
0100001010111000000000000000
0100001010101000000000000000
0100001010001000000000000000
0100001001110000000000000000
0100000111001000000000000000
0100001010011110000000000000
0100000110101000000000000000
0100001001000000000000000000
0100001001001100000000000000
0100000011000000000000000000
0100001010110100000000000000
0100001001100100000000000000
0100001010111100000000000000
0100001010011010000000000000
0100001000010100000000000000
0100001001100100000000000000
0100000100010000000000000000
0100000110011000000000000000
0100000101110000000000000000
0100000000000000000000000000
0100001010011100000000000000
0100001000110000000000000000
0100001000101100000000000000
0100001000111000000000000000
0100001001111100000000000000
0100001010101110000000000000
0100001010100000000000000000
0100000011000000000000000000
0100001010101110000000000000
0100001010110000000000000000
0100001000101100000000000000
0011111110000000000000000000
0100001010001110000000000000
0100001010110110000000000000
0100001001011000000000000000
0100001000011000000000000000
0100001010110010000000000000
0100000111111000000000000000
0100001010001100000000000000
0100001010111000000000000000
0100001010000110000000000000
0100001010001000000000000000
0100001010000100000000000000
0100001010000100000000000000
0100001000110100000000000000
0100001010010000000000000000
0100001010001100000000000000
0100000110001000000000000000
0100000010000000000000000000
0100000011000000000000000000
0100000110010000000000000000
0100001010000110000000000000
0100001001010000000000000000
0100001000000000000000000000
0011111110000000000000000000
0100000001000000000000000000
0100000010100000000000000000
0100001000100000000000000000
0100001011000110000000000000
0100001011000110000000000000
0100001001101000000000000000
0100001001000100000000000000
0100000111111000000000000000
0100001010100110000000000000
0100001010101010000000000000
0100001010110010000000000000
0100001010001100000000000000
0100001001010000000000000000
0100001000000100000000000000
0100000110011000000000000000
0100001001000000000000000000
0100000110000000000000000000
0100001010111100000000000000
0100001010111100000000000000
0100000111000000000000000000
0100001001101000000000000000
0100001001010000000000000000
0100001000101000000000000000
0100001010010100000000000000
0100001010001110000000000000
0100001000001000000000000000
0100001000101100000000000000
0100001010111100000000000000
0100001010111010000000000000
0100001000100100000000000000
0100000110100000000000000000
0100000111100000000000000000
