001111101001011010000110010
001111001100001011000111001
001111101010000000000101011
001111110110000100001001001
001111110110011100100010000
001111110011001011010101101
001111101000010011011101100
001111110101010100101110011
001111110001100100000110100
001111110100100110100001010
001111101111001100111100010
001111010111000001111001001
001111110001000111100000001
001111110100010000010101000
001111110001000000110110101
001111100100000101001110101
001111000111111111000011010
001111101101110100110010111
001111101110100011110010101
001111110101110011100000010
001111010110001111111110100
001111110110000010000010010
001110111001111010010101011
001111110110011111010111000
001111101011111011110110110
001111101001110110101100111
001111110110101101101011010
001111110010110111010000011
001111110010100000101111110
